0.00848
0.00851
0.00899
0.00926
0.00951
0.01034
0.01037
0.01135
0.01139
0.01153
0.01251
0.01264
0.01267
0.01287
0.01287
0.01329
0.01414
0.01464
0.01521
0.01522
0.01541
0.01542
0.01548
0.01582
0.01585
0.01595
0.01604
0.01631
0.01652
0.01665
0.01713
0.01728
0.01736
0.01778
0.01839
0.01875
0.01903
0.01942
0.01980
0.02037
0.02066
0.02068
0.02075
0.02080
0.02091
0.02096
0.02132
0.02183
0.02204
0.02211
0.02213
0.02381
0.02402
0.02408
0.02424
0.02425
0.02449
0.02467
0.02491
0.02532
0.02537
0.02586
0.02600
0.02624
0.02662
0.02668
0.02703
0.02747
0.02763
0.02800
0.02827
0.02834
0.02861
0.02882
0.02899
0.02923
0.02936
0.03008
0.03015
0.03038
0.03079
0.03136
0.03164
0.03172
0.03173
0.03207
0.03242
0.03265
0.03268
0.03338
0.03360
0.03386
0.03502
0.03513
0.03527
0.03528
0.03544
0.03561
0.03568
0.03589
0.03625
0.03659
0.03730
0.03753
0.03767
0.03771
0.03780
0.03783
0.03794
0.03870
0.03916
0.03979
0.04067
0.04109
0.04113
0.04123
0.04137
0.04147
0.04252
0.04266
0.04287
0.04297
0.04317
0.04340
0.04373
0.04381
0.04393
0.04428
0.04436
0.04548
0.04558
0.04598
0.04652
0.04662
0.04672
0.04676
0.04736
0.04739
0.04747
0.04756
0.04759
0.04769
0.04788
0.04819
0.04841
0.04881
0.04918
0.04979
0.05000
0.05046
0.05184
0.05242
0.05257
0.05265
0.05363
0.05372
0.05378
0.05378
0.05405
0.05408
0.05422
0.05428
0.05486
0.05487
0.05521
0.05526
0.05534
0.05606
0.05683
0.05686
0.05706
0.05713
0.05715
0.05721
0.05753
0.05806
0.05809
0.05864
0.05876
0.05907
0.05911
0.05936
0.05961
0.05998
0.06013
0.06193
0.06221
0.06222
0.06224
0.06289
0.06315
0.06316
0.06318
0.06345
0.06389
0.06394
0.06394
0.06395
0.06411
0.06421
0.06428
0.06430
0.06438
0.06439
0.06479
0.06593
0.06601
0.06667
0.06671
0.06727
0.06785
0.06788
0.06789
0.06794
0.06893
0.06896
0.06902
0.06949
0.06959
0.06979
0.06989
0.07033
0.07046
0.07054
0.07059
0.07086
0.07178
0.07184
0.07226
0.07230
0.07234
0.07262
0.07286
0.07379
0.07457
0.07495
0.07531
0.07555
0.07622
0.07646
0.07676
0.07678
0.07714
0.07736
0.07781
0.07789
0.07791
0.07831
0.07858
0.07949
0.07961
0.07962
0.07973
0.07978
0.08064
0.08075
0.08117
0.08135
0.08149
0.08166
0.08176
0.08178
0.08234
0.08267
0.08303
0.08322
0.08425
0.08495
0.08569
0.08620
0.08632
0.08661
0.08686
0.08687
0.08710
0.08727
0.08737
0.08739
0.08748
0.08748
0.08762
0.08803
0.08854
0.08871
0.08892
0.08934
0.08944
0.08970
0.08974
0.09038
0.09066
0.09069
0.09072
0.09077
0.09083
0.09176
0.09177
0.09179
0.09235
0.09257
0.09258
0.09263
0.09334
0.09362
0.09362
0.09427
0.09516
0.09550
0.09565
0.09571
0.09591
0.09593
0.09648
0.09672
0.09702
0.09726
0.09784
0.09789
0.09828
0.09867
0.09887
0.09908
0.09945
0.09958
0.09991
0.10035
0.10052
0.10121
0.10184
0.10195
0.10226
0.10249
0.10280
0.10297
0.10351
0.10363
0.10377
0.10389
0.10445
0.10468
0.10489
0.10525
0.10529
0.10534
0.10536
0.10559
0.10586
0.10607
0.10662
0.10684
0.10764
0.10765
0.10774
0.10813
0.10838
0.10848
0.10859
0.10897
0.10916
0.11000
0.11037
0.11078
0.11164
0.11176
0.11187
0.11194
0.11230
0.11251
0.11291
0.11292
0.11316
0.11325
0.11378
0.11379
0.11381
0.11385
0.11422
0.11429
0.11492
0.11494
0.11530
0.11543
0.11555
0.11620
0.11679
0.11775
0.11813
0.11820
0.11836
0.11861
0.11868
0.11883
0.11919
0.11924
0.11943
0.11986
0.12000
0.12027
0.12076
0.12138
0.12163
0.12166
0.12192
0.12214
0.12230
0.12250
0.12258
0.12293
0.12300
0.12334
0.12364
0.12386
0.12498
0.12503
0.12528
0.12545
0.12559
0.12586
0.12629
0.12633
0.12709
0.12721
0.12726
0.12727
0.12780
0.12829
0.12839
0.12843
0.12922
0.12925
0.12928
0.12980
0.13036
0.13091
0.13112
0.13202
0.13213
0.13240
0.13264
0.13287
0.13298
0.13309
0.13332
0.13343
0.13359
0.13363
0.13374
0.13416
0.13506
0.13508
0.13542
0.13559
0.13573
0.13591
0.13643
0.13663
0.13677
0.13792
0.13810
0.13820
0.13835
0.13876
0.13918
0.13941
0.13984
0.13986
0.14030
0.14046
0.14068
0.14106
0.14117
0.14159
0.14193
0.14204
0.14232
0.14241
0.14241
0.14249
0.14251
0.14262
0.14282
0.14332
0.14411
0.14485
0.14548
0.14553
0.14578
0.14618
0.14621
0.14622
0.14672
0.14737
0.14737
0.14763
0.14808
0.14833
0.14878
0.14879
0.14881
0.14988
0.14992
0.14999
0.15013
0.15022
0.15040
0.15047
0.15065
0.15092
0.15114
0.15178
0.15186
0.15198
0.15287
0.15299
0.15322
0.15364
0.15378
0.15384
0.15390
0.15487
0.15542
0.15554
0.15572
0.15573
0.15606
0.15669
0.15705
0.15738
0.15755
0.15801
0.15831
0.15882
0.15883
0.15901
0.15910
0.16056
0.16062
0.16067
0.16111
0.16156
0.16224
0.16274
0.16280
0.16327
0.16337
0.16353
0.16375
0.16397
0.16417
0.16428
0.16430
0.16439
0.16465
0.16480
0.16505
0.16538
0.16548
0.16621
0.16639
0.16649
0.16652
0.16705
0.16709
0.16788
0.16792
0.16796
0.16799
0.16853
0.16885
0.16888
0.16901
0.16924
0.16956
0.16957
0.16966
0.17003
0.17041
0.17072
0.17089
0.17120
0.17138
0.17153
0.17180
0.17210
0.17295
0.17331
0.17351
0.17430
0.17454
0.17481
0.17502
0.17514
0.17553
0.17556
0.17572
0.17591
0.17611
0.17619
0.17619
0.17620
0.17673
0.17676
0.17688
0.17714
0.17737
0.17825
0.17907
0.17982
0.18075
0.18093
0.18095
0.18095
0.18146
0.18152
0.18159
0.18265
0.18266
0.18289
0.18291
0.18310
0.18353
0.18372
0.18406
0.18451
0.18462
0.18520
0.18526
0.18593
0.18602
0.18631
0.18718
0.18729
0.18740
0.18785
0.18818
0.18820
0.18829
0.18852
0.18855
0.18922
0.18927
0.18927
0.18945
0.18950
0.18966
0.18997
0.19052
0.19084
0.19110
0.19224
0.19240
0.19262
0.19285
0.19294
0.19297
0.19311
0.19313
0.19373
0.19388
0.19405
0.19426
0.19454
0.19495
0.19527
0.19562
0.19621
0.19625
0.19721
0.19734
0.19766
0.19814
0.19855
0.19897
0.19926
0.19930
0.19962
0.19984
0.19995
0.19996
0.20082
0.20099
0.20115
0.20139
0.20150
0.20154
0.20165
0.20175
0.20195
0.20196
0.20243
0.20325
0.20332
0.20359
0.20427
0.20438
0.20458
0.20462
0.20485
0.20635
0.20644
0.20661
0.20668
0.20669
0.20692
0.20757
0.20772
0.20809
0.20816
0.20881
0.20898
0.20992
0.21063
0.21063
0.21086
0.21133
0.21140
0.21179
0.21217
0.21238
0.21245
0.21287
0.21307
0.21308
0.21326
0.21331
0.21338
0.21359
0.21405
0.21422
0.21459
0.21491
0.21553
0.21600
0.21608
0.21652
0.21653
0.21656
0.21665
0.21668
0.21691
0.21774
0.21786
0.21789
0.21823
0.21840
0.21853
0.21866
0.21897
0.21897
0.21994
0.22020
0.22023
0.22028
0.22035
0.22130
0.22145
0.22175
0.22246
0.22246
0.22276
0.22322
0.22338
0.22361
0.22388
0.22436
0.22457
0.22478
0.22504
0.22538
0.22562
0.22570
0.22585
0.22604
0.22630
0.22660
0.22763
0.22855
0.22897
0.22937
0.22957
0.22974
0.22975
0.22985
0.23064
0.23083
0.23115
0.23144
0.23162
0.23172
0.23206
0.23225
0.23226
0.23241
0.23262
0.23269
0.23288
0.23333
0.23346
0.23378
0.23381
0.23396
0.23416
0.23422
0.23427
0.23446
0.23447
0.23454
0.23466
0.23497
0.23535
0.23562
0.23578
0.23590
0.23643
0.23667
0.23700
0.23714
0.23792
0.23915
0.23917
0.23973
0.24003
0.24010
0.24037
0.24070
0.24119
0.24172
0.24181
0.24219
0.24228
0.24281
0.24328
0.24330
0.24332
0.24397
0.24476
0.24477
0.24480
0.24519
0.24526
0.24546
0.24559
0.24644
0.24660
0.24667
0.24698
0.24709
0.24763
0.24791
0.24818
0.24866
0.24896
0.24909
0.24934
0.24946
0.24957
0.25006
0.25071
0.25077
0.25108
0.25117
0.25126
0.25141
0.25160
0.25180
0.25242
0.25253
0.25264
0.25292
0.25314
0.25411
0.25446
0.25447
0.25488
0.25517
0.25520
0.25530
0.25531
0.25551
0.25635
0.25678
0.25689
0.25721
0.25726
0.25806
0.25880
0.25894
0.25911
0.25941
0.25947
0.26011
0.26040
0.26040
0.26044
0.26105
0.26109
0.26115
0.26186
0.26194
0.26220
0.26225
0.26257
0.26375
0.26419
0.26424
0.26452
0.26455
0.26516
0.26520
0.26528
0.26536
0.26553
0.26564
0.26642
0.26644
0.26671
0.26728
0.26769
0.26779
0.26822
0.26824
0.26881
0.26886
0.26913
0.26948
0.26970
0.26973
0.26976
0.26986
0.26995
0.27001
0.27093
0.27118
0.27124
0.27159
0.27216
0.27248
0.27285
0.27296
0.27313
0.27331
0.27420
0.27444
0.27458
0.27517
0.27526
0.27534
0.27537
0.27582
0.27612
0.27635
0.27636
0.27639
0.27646
0.27647
0.27698
0.27792
0.27847
0.27890
0.27897
0.27930
0.27965
0.27994
0.28028
0.28065
0.28100
0.28133
0.28170
0.28172
0.28193
0.28206
0.28216
0.28248
0.28323
0.28362
0.28369
0.28398
0.28484
0.28484
0.28537
0.28567
0.28614
0.28648
0.28665
0.28669
0.28672
0.28687
0.28720
0.28745
0.28780
0.28896
0.28906
0.28935
0.28937
0.28941
0.28970
0.29008
0.29033
0.29042
0.29065
0.29066
0.29130
0.29140
0.29198
0.29248
0.29283
0.29339
0.29340
0.29377
0.29424
0.29427
0.29449
0.29474
0.29544
0.29561
0.29565
0.29584
0.29595
0.29603
0.29722
0.29798
0.29812
0.29820
0.29866
0.29874
0.29908
0.29909
0.29939
0.29942
0.29957
0.29962
0.29978
0.29986
0.30032
0.30051
0.30067
0.30104
0.30149
0.30163
0.30182
0.30188
0.30223
0.30302
0.30320
0.30355
0.30357
0.30391
0.30399
0.30410
0.30432
0.30454
0.30482
0.30528
0.30545
0.30609
0.30645
0.30722
0.30743
0.30747
0.30756
0.30783
0.30800
0.30868
0.30883
0.30958
0.30966
0.30989
0.31000
0.31039
0.31043
0.31146
0.31190
0.31203
0.31209
0.31218
0.31269
0.31321
0.31324
0.31394
0.31541
0.31556
0.31565
0.31592
0.31603
0.31610
0.31617
0.31617
0.31627
0.31632
0.31646
0.31650
0.31661
0.31669
0.31683
0.31695
0.31795
0.31797
0.31831
0.31849
0.31967
0.32020
0.32040
0.32045
0.32045
0.32077
0.32085
0.32101
0.32134
0.32147
0.32201
0.32230
0.32234
0.32235
0.32246
0.32256
0.32317
0.32340
0.32424
0.32464
0.32489
0.32495
0.32527
0.32555
0.32565
0.32607
0.32666
0.32689
0.32700
0.32703
0.32710
0.32727
0.32803
0.32807
0.32869
0.32882
0.32884
0.32900
0.32908
0.32928
0.32956
0.32997
0.33045
0.33120
0.33185
0.33191
0.33194
0.33229
0.33269
0.33272
0.33277
0.33331
0.33340
0.33382
0.33403
0.33409
0.33438
0.33471
0.33496
0.33518
0.33520
0.33529
0.33593
0.33632
0.33660
0.33661
0.33699
0.33702
0.33710
0.33714
0.33736
0.33747
0.33786
0.33793
0.33846
0.33865
0.33939
0.33992
0.34118
0.34130
0.34140
0.34201
0.34229
0.34246
0.34320
0.34373
0.34384
0.34387
0.34399
0.34405
0.34420
0.34461
0.34474
0.34536
0.34536
0.34561
0.34580
0.34646
0.34775
0.34780
0.34793
0.34804
0.34827
0.34843
0.34848
0.34859
0.34869
0.34877
0.34892
0.34905
0.34975
0.35034
0.35040
0.35046
0.35084
0.35121
0.35135
0.35225
0.35271
0.35306
0.35346
0.35355
0.35359
0.35362
0.35413
0.35414
0.35458
0.35463
0.35495
0.35508
0.35522
0.35596
0.35626
0.35662
0.35710
0.35728
0.35753
0.35770
0.35793
0.35827
0.35880
0.35902
0.35936
0.35938
0.35960
0.35963
0.35977
0.35998
0.36030
0.36044
0.36053
0.36072
0.36094
0.36110
0.36121
0.36164
0.36165
0.36278
0.36330
0.36419
0.36437
0.36444
0.36462
0.36485
0.36512
0.36522
0.36537
0.36588
0.36594
0.36662
0.36688
0.36747
0.36793
0.36843
0.36860
0.36863
0.36865
0.36869
0.36876
0.36894
0.36898
0.36944
0.36994
0.36995
0.37035
0.37043
0.37061
0.37070
0.37139
0.37241
0.37304
0.37353
0.37362
0.37381
0.37415
0.37442
0.37448
0.37465
0.37469
0.37518
0.37563
0.37609
0.37632
0.37646
0.37658
0.37701
0.37720
0.37760
0.37763
0.37857
0.37861
0.37864
0.37900
0.37908
0.37919
0.37947
0.37948
0.37969
0.38076
0.38150
0.38166
0.38189
0.38198
0.38235
0.38240
0.38254
0.38256
0.38296
0.38319
0.38337
0.38376
0.38408
0.38421
0.38438
0.38486
0.38544
0.38571
0.38605
0.38632
0.38636
0.38671
0.38719
0.38742
0.38751
0.38760
0.38761
0.38778
0.38841
0.38868
0.38904
0.38910
0.38927
0.38946
0.38957
0.39000
0.39005
0.39098
0.39128
0.39181
0.39217
0.39258
0.39280
0.39304
0.39345
0.39347
0.39367
0.39368
0.39379
0.39381
0.39381
0.39388
0.39448
0.39477
0.39481
0.39511
0.39552
0.39558
0.39569
0.39629
0.39676
0.39697
0.39727
0.39743
0.39831
0.39847
0.39859
0.39863
0.39942
0.40006
0.40019
0.40023
0.40038
0.40102
0.40140
0.40160
0.40185
0.40204
0.40214
0.40259
0.40264
0.40322
0.40350
0.40356
0.40372
0.40389
0.40392
0.40399
0.40400
0.40430
0.40488
0.40564
0.40565
0.40630
0.40657
0.40786
0.40788
0.40801
0.40837
0.40941
0.40948
0.40949
0.40974
0.40977
0.41006
0.41026
0.41033
0.41050
0.41067
0.41104
0.41130
0.41146
0.41152
0.41158
0.41168
0.41204
0.41275
0.41278
0.41294
0.41297
0.41316
0.41325
0.41407
0.41551
0.41589
0.41618
0.41636
0.41640
0.41670
0.41673
0.41701
0.41712
0.41817
0.41864
0.41873
0.41946
0.41961
0.41984
0.42017
0.42052
0.42065
0.42099
0.42109
0.42114
0.42149
0.42161
0.42218
0.42227
0.42233
0.42381
0.42434
0.42435
0.42458
0.42462
0.42468
0.42476
0.42476
0.42513
0.42581
0.42612
0.42631
0.42685
0.42686
0.42723
0.42743
0.42753
0.42767
0.42802
0.42855
0.42883
0.42893
0.42960
0.42963
0.43000
0.43033
0.43052
0.43079
0.43126
0.43144
0.43158
0.43174
0.43231
0.43251
0.43261
0.43306
0.43308
0.43322
0.43400
0.43405
0.43474
0.43492
0.43508
0.43548
0.43592
0.43598
0.43627
0.43641
0.43714
0.43723
0.43730
0.43751
0.43793
0.43821
0.43861
0.43881
0.43891
0.43891
0.43916
0.43997
0.44009
0.44032
0.44049
0.44085
0.44113
0.44113
0.44147
0.44349
0.44362
0.44405
0.44431
0.44457
0.44468
0.44492
0.44508
0.44518
0.44536
0.44557
0.44569
0.44596
0.44601
0.44621
0.44624
0.44627
0.44668
0.44679
0.44732
0.44754
0.44805
0.44817
0.44832
0.44874
0.44914
0.44934
0.44948
0.44974
0.44982
0.45075
0.45098
0.45105
0.45115
0.45140
0.45208
0.45209
0.45210
0.45252
0.45279
0.45375
0.45399
0.45430
0.45451
0.45469
0.45519
0.45526
0.45555
0.45563
0.45574
0.45608
0.45616
0.45659
0.45714
0.45714
0.45734
0.45751
0.45782
0.45790
0.45905
0.45905
0.45933
0.45959
0.45973
0.45986
0.46043
0.46085
0.46144
0.46151
0.46192
0.46192
0.46193
0.46215
0.46216
0.46235
0.46245
0.46267
0.46270
0.46270
0.46309
0.46315
0.46401
0.46427
0.46468
0.46508
0.46548
0.46593
0.46609
0.46659
0.46736
0.46745
0.46785
0.46809
0.46828
0.46858
0.46887
0.46905
0.46966
0.47035
0.47061
0.47086
0.47139
0.47155
0.47160
0.47200
0.47206
0.47213
0.47219
0.47253
0.47253
0.47283
0.47306
0.47351
0.47370
0.47378
0.47397
0.47408
0.47426
0.47505
0.47523
0.47562
0.47579
0.47598
0.47599
0.47602
0.47637
0.47663
0.47668
0.47692
0.47787
0.47866
0.47946
0.47950
0.47951
0.48004
0.48041
0.48077
0.48119
0.48148
0.48150
0.48180
0.48181
0.48201
0.48225
0.48241
0.48255
0.48263
0.48316
0.48341
0.48394
0.48400
0.48445
0.48476
0.48481
0.48517
0.48557
0.48570
0.48644
0.48665
0.48698
0.48765
0.48780
0.48792
0.48832
0.48838
0.48841
0.48849
0.48882
0.48911
0.48924
0.48969
0.49011
0.49014
0.49045
0.49049
0.49085
0.49090
0.49216
0.49225
0.49277
0.49318
0.49412
0.49457
0.49463
0.49493
0.49494
0.49498
0.49504
0.49516
0.49529
0.49560
0.49564
0.49583
0.49590
0.49616
0.49643
0.49698
0.49710
0.49746
0.49762
0.49818
0.49824
0.49846
0.49864
0.49936
0.49953
0.49983
0.50007
0.50009
0.50015
0.50066
0.50068
0.50073
0.50103
0.50140
0.50182
0.50214
0.50279
0.50284
0.50327
0.50330
0.50371
0.50375
0.50393
0.50406
0.50476
0.50532
0.50535
0.50563
0.50578
0.50616
0.50622
0.50676
0.50698
0.50718
0.50763
0.50874
0.50892
0.50906
0.50914
0.50923
0.50953
0.51006
0.51011
0.51052
0.51083
0.51121
0.51133
0.51158
0.51182
0.51207
0.51211
0.51231
0.51257
0.51296
0.51308
0.51316
0.51348
0.51394
0.51483
0.51515
0.51534
0.51568
0.51592
0.51594
0.51634
0.51677
0.51685
0.51703
0.51780
0.51784
0.51797
0.51844
0.51869
0.51881
0.51898
0.51915
0.51971
0.52021
0.52029
0.52034
0.52085
0.52095
0.52137
0.52158
0.52160
0.52203
0.52204
0.52210
0.52277
0.52289
0.52376
0.52397
0.52445
0.52454
0.52528
0.52557
0.52558
0.52613
0.52630
0.52658
0.52661
0.52728
0.52745
0.52760
0.52771
0.52795
0.52811
0.52835
0.52875
0.52883
0.52890
0.52992
0.53054
0.53085
0.53111
0.53131
0.53146
0.53175
0.53188
0.53204
0.53222
0.53268
0.53270
0.53308
0.53335
0.53336
0.53383
0.53418
0.53506
0.53509
0.53540
0.53590
0.53592
0.53593
0.53619
0.53636
0.53706
0.53731
0.53748
0.53785
0.53873
0.53983
0.53986
0.53990
0.53993
0.53996
0.54045
0.54056
0.54074
0.54079
0.54117
0.54125
0.54154
0.54253
0.54259
0.54261
0.54302
0.54356
0.54379
0.54395
0.54434
0.54516
0.54618
0.54634
0.54643
0.54692
0.54701
0.54713
0.54738
0.54775
0.54793
0.54797
0.54798
0.54806
0.54810
0.54813
0.54825
0.54850
0.54864
0.54901
0.54951
0.54970
0.54994
0.55003
0.55010
0.55016
0.55039
0.55042
0.55058
0.55072
0.55072
0.55119
0.55143
0.55255
0.55266
0.55283
0.55288
0.55326
0.55364
0.55414
0.55423
0.55439
0.55446
0.55452
0.55496
0.55524
0.55525
0.55642
0.55758
0.55771
0.55779
0.55825
0.55839
0.55903
0.55959
0.55961
0.55963
0.55963
0.55986
0.56020
0.56039
0.56043
0.56053
0.56065
0.56176
0.56184
0.56199
0.56237
0.56258
0.56331
0.56344
0.56372
0.56406
0.56417
0.56422
0.56448
0.56567
0.56616
0.56623
0.56628
0.56660
0.56663
0.56677
0.56692
0.56712
0.56744
0.56761
0.56828
0.56840
0.56872
0.56938
0.57016
0.57083
0.57084
0.57096
0.57130
0.57184
0.57217
0.57232
0.57276
0.57311
0.57315
0.57369
0.57370
0.57372
0.57385
0.57404
0.57437
0.57438
0.57478
0.57498
0.57536
0.57540
0.57544
0.57619
0.57633
0.57638
0.57710
0.57724
0.57741
0.57760
0.57789
0.57804
0.57808
0.57839
0.57965
0.58003
0.58008
0.58070
0.58071
0.58074
0.58082
0.58092
0.58177
0.58182
0.58200
0.58202
0.58217
0.58262
0.58316
0.58318
0.58349
0.58367
0.58383
0.58396
0.58494
0.58514
0.58538
0.58572
0.58581
0.58583
0.58595
0.58679
0.58682
0.58697
0.58710
0.58728
0.58777
0.58794
0.58803
0.58873
0.58908
0.58939
0.58954
0.58961
0.58989
0.59036
0.59099
0.59113
0.59151
0.59213
0.59267
0.59306
0.59382
0.59382
0.59393
0.59396
0.59433
0.59449
0.59455
0.59464
0.59503
0.59507
0.59511
0.59517
0.59536
0.59569
0.59671
0.59698
0.59701
0.59723
0.59756
0.59776
0.59788
0.59798
0.59856
0.59892
0.59915
0.59949
0.59967
0.60006
0.60024
0.60032
0.60062
0.60102
0.60245
0.60271
0.60277
0.60299
0.60318
0.60340
0.60347
0.60367
0.60390
0.60455
0.60487
0.60503
0.60512
0.60514
0.60527
0.60593
0.60609
0.60627
0.60631
0.60632
0.60676
0.60716
0.60729
0.60791
0.60878
0.60878
0.60905
0.60930
0.60960
0.61000
0.61040
0.61098
0.61122
0.61149
0.61161
0.61178
0.61205
0.61263
0.61283
0.61287
0.61302
0.61340
0.61340
0.61413
0.61415
0.61428
0.61443
0.61448
0.61528
0.61565
0.61572
0.61591
0.61621
0.61646
0.61673
0.61698
0.61724
0.61739
0.61802
0.61813
0.61861
0.61901
0.61983
0.62023
0.62099
0.62145
0.62175
0.62183
0.62216
0.62254
0.62285
0.62287
0.62296
0.62307
0.62313
0.62333
0.62362
0.62384
0.62386
0.62407
0.62427
0.62431
0.62485
0.62528
0.62558
0.62574
0.62633
0.62677
0.62687
0.62757
0.62772
0.62837
0.62843
0.62851
0.62903
0.62916
0.62929
0.62939
0.62975
0.63046
0.63057
0.63060
0.63108
0.63116
0.63166
0.63177
0.63230
0.63232
0.63248
0.63252
0.63262
0.63266
0.63279
0.63345
0.63376
0.63395
0.63412
0.63468
0.63623
0.63646
0.63646
0.63692
0.63696
0.63711
0.63714
0.63758
0.63809
0.63820
0.63821
0.63842
0.63892
0.63969
0.63977
0.63985
0.63995
0.64001
0.64009
0.64036
0.64040
0.64073
0.64077
0.64143
0.64170
0.64179
0.64191
0.64198
0.64261
0.64261
0.64263
0.64278
0.64298
0.64304
0.64310
0.64327
0.64381
0.64381
0.64419
0.64422
0.64462
0.64525
0.64590
0.64635
0.64711
0.64734
0.64750
0.64795
0.64804
0.64874
0.64883
0.64971
0.64979
0.64992
0.65005
0.65020
0.65027
0.65099
0.65104
0.65144
0.65185
0.65188
0.65194
0.65238
0.65268
0.65281
0.65287
0.65293
0.65329
0.65357
0.65375
0.65394
0.65425
0.65440
0.65531
0.65558
0.65561
0.65598
0.65695
0.65695
0.65734
0.65748
0.65798
0.65850
0.65888
0.65912
0.65914
0.65934
0.65992
0.66105
0.66111
0.66164
0.66171
0.66171
0.66181
0.66272
0.66287
0.66312
0.66388
0.66393
0.66425
0.66459
0.66459
0.66460
0.66474
0.66504
0.66519
0.66528
0.66531
0.66531
0.66614
0.66628
0.66630
0.66711
0.66732
0.66743
0.66749
0.66868
0.66898
0.66908
0.66945
0.66989
0.66993
0.67026
0.67157
0.67197
0.67202
0.67207
0.67207
0.67215
0.67323
0.67341
0.67355
0.67357
0.67372
0.67390
0.67415
0.67422
0.67426
0.67437
0.67488
0.67489
0.67511
0.67537
0.67538
0.67543
0.67556
0.67586
0.67631
0.67642
0.67644
0.67711
0.67720
0.67755
0.67762
0.67778
0.67793
0.67872
0.67897
0.67901
0.67905
0.67928
0.67974
0.68000
0.68057
0.68084
0.68129
0.68147
0.68171
0.68226
0.68245
0.68319
0.68348
0.68383
0.68498
0.68527
0.68539
0.68549
0.68572
0.68632
0.68722
0.68748
0.68802
0.68812
0.68829
0.68870
0.68890
0.68897
0.68909
0.68912
0.68944
0.68951
0.68990
0.69029
0.69036
0.69066
0.69069
0.69075
0.69094
0.69109
0.69123
0.69190
0.69214
0.69250
0.69255
0.69264
0.69279
0.69279
0.69281
0.69305
0.69444
0.69455
0.69497
0.69518
0.69520
0.69572
0.69584
0.69601
0.69609
0.69658
0.69660
0.69686
0.69718
0.69760
0.69868
0.69882
0.69894
0.69946
0.69966
0.69968
0.69974
0.70062
0.70066
0.70078
0.70099
0.70120
0.70195
0.70263
0.70273
0.70281
0.70284
0.70341
0.70356
0.70373
0.70449
0.70458
0.70462
0.70498
0.70501
0.70502
0.70507
0.70512
0.70541
0.70574
0.70636
0.70649
0.70661
0.70725
0.70749
0.70752
0.70854
0.70864
0.70905
0.70916
0.70977
0.70979
0.71041
0.71112
0.71155
0.71243
0.71243
0.71283
0.71299
0.71304
0.71311
0.71314
0.71321
0.71336
0.71345
0.71385
0.71395
0.71435
0.71510
0.71518
0.71534
0.71554
0.71557
0.71597
0.71598
0.71650
0.71755
0.71804
0.71872
0.71890
0.71906
0.71947
0.71972
0.72030
0.72060
0.72088
0.72106
0.72110
0.72130
0.72134
0.72158
0.72167
0.72214
0.72222
0.72236
0.72253
0.72260
0.72261
0.72369
0.72371
0.72383
0.72414
0.72429
0.72448
0.72491
0.72540
0.72541
0.72586
0.72610
0.72625
0.72627
0.72662
0.72664
0.72672
0.72683
0.72715
0.72755
0.72759
0.72777
0.72783
0.72806
0.72855
0.72877
0.72898
0.72996
0.73043
0.73113
0.73133
0.73141
0.73160
0.73170
0.73184
0.73204
0.73224
0.73311
0.73339
0.73365
0.73365
0.73397
0.73421
0.73441
0.73595
0.73626
0.73676
0.73735
0.73738
0.73769
0.73773
0.73795
0.73872
0.73877
0.73882
0.73898
0.73901
0.73922
0.73927
0.73964
0.74001
0.74031
0.74035
0.74105
0.74108
0.74128
0.74163
0.74220
0.74221
0.74240
0.74258
0.74262
0.74266
0.74317
0.74328
0.74392
0.74433
0.74490
0.74511
0.74514
0.74518
0.74546
0.74600
0.74603
0.74626
0.74674
0.74785
0.74816
0.74817
0.74843
0.74857
0.74900
0.74911
0.74913
0.74957
0.74981
0.74988
0.75005
0.75013
0.75072
0.75076
0.75100
0.75112
0.75219
0.75243
0.75280
0.75293
0.75294
0.75303
0.75314
0.75351
0.75368
0.75381
0.75442
0.75500
0.75516
0.75560
0.75585
0.75600
0.75654
0.75676
0.75688
0.75698
0.75721
0.75789
0.75808
0.75843
0.75847
0.75859
0.75868
0.75875
0.75944
0.75976
0.75977
0.76004
0.76016
0.76030
0.76107
0.76113
0.76178
0.76223
0.76237
0.76277
0.76297
0.76367
0.76373
0.76414
0.76430
0.76473
0.76501
0.76530
0.76558
0.76570
0.76618
0.76632
0.76645
0.76722
0.76745
0.76746
0.76754
0.76768
0.76831
0.76851
0.76973
0.76994
0.77023
0.77049
0.77064
0.77109
0.77129
0.77197
0.77208
0.77226
0.77232
0.77238
0.77322
0.77334
0.77335
0.77357
0.77392
0.77430
0.77465
0.77469
0.77486
0.77486
0.77588
0.77603
0.77607
0.77615
0.77644
0.77668
0.77687
0.77707
0.77720
0.77760
0.77764
0.77815
0.77898
0.77912
0.78019
0.78065
0.78068
0.78068
0.78115
0.78125
0.78132
0.78184
0.78213
0.78232
0.78246
0.78271
0.78283
0.78295
0.78318
0.78320
0.78357
0.78457
0.78468
0.78489
0.78499
0.78505
0.78545
0.78549
0.78555
0.78598
0.78606
0.78612
0.78649
0.78688
0.78711
0.78712
0.78712
0.78735
0.78769
0.78854
0.78887
0.78892
0.78902
0.78904
0.78911
0.79010
0.79056
0.79089
0.79159
0.79201
0.79208
0.79219
0.79226
0.79237
0.79251
0.79258
0.79308
0.79310
0.79322
0.79355
0.79367
0.79385
0.79391
0.79395
0.79451
0.79582
0.79595
0.79597
0.79620
0.79687
0.79742
0.79763
0.79889
0.79915
0.79921
0.79927
0.79935
0.79952
0.79954
0.80014
0.80017
0.80018
0.80067
0.80088
0.80102
0.80109
0.80123
0.80168
0.80190
0.80191
0.80224
0.80232
0.80282
0.80288
0.80315
0.80337
0.80358
0.80421
0.80490
0.80514
0.80525
0.80612
0.80617
0.80627
0.80636
0.80639
0.80691
0.80787
0.80854
0.80854
0.80861
0.80885
0.80896
0.81060
0.81081
0.81097
0.81128
0.81130
0.81155
0.81165
0.81168
0.81194
0.81230
0.81236
0.81258
0.81273
0.81324
0.81349
0.81370
0.81416
0.81464
0.81513
0.81533
0.81535
0.81569
0.81616
0.81641
0.81652
0.81668
0.81685
0.81719
0.81728
0.81756
0.81767
0.81785
0.81795
0.81840
0.81861
0.81920
0.82047
0.82060
0.82090
0.82095
0.82104
0.82123
0.82165
0.82230
0.82243
0.82255
0.82298
0.82346
0.82373
0.82394
0.82431
0.82448
0.82454
0.82465
0.82520
0.82529
0.82556
0.82576
0.82648
0.82665
0.82684
0.82689
0.82723
0.82727
0.82740
0.82759
0.82765
0.82781
0.82815
0.82833
0.82840
0.82867
0.82918
0.83068
0.83075
0.83088
0.83093
0.83206
0.83212
0.83212
0.83245
0.83257
0.83298
0.83318
0.83353
0.83362
0.83368
0.83388
0.83396
0.83406
0.83427
0.83489
0.83509
0.83528
0.83533
0.83536
0.83536
0.83574
0.83575
0.83605
0.83705
0.83722
0.83775
0.83777
0.83813
0.83830
0.83846
0.83915
0.83954
0.83992
0.84007
0.84064
0.84152
0.84175
0.84192
0.84217
0.84224
0.84230
0.84272
0.84323
0.84325
0.84341
0.84387
0.84396
0.84435
0.84449
0.84502
0.84512
0.84562
0.84567
0.84573
0.84574
0.84603
0.84669
0.84694
0.84718
0.84720
0.84735
0.84780
0.84837
0.84870
0.84873
0.84955
0.85019
0.85075
0.85135
0.85137
0.85169
0.85172
0.85184
0.85205
0.85307
0.85314
0.85347
0.85398
0.85400
0.85415
0.85476
0.85562
0.85583
0.85585
0.85588
0.85595
0.85604
0.85610
0.85655
0.85703
0.85710
0.85717
0.85766
0.85786
0.85790
0.85865
0.85903
0.85914
0.85928
0.85929
0.85939
0.85946
0.85958
0.86015
0.86018
0.86065
0.86083
0.86121
0.86163
0.86182
0.86224
0.86229
0.86230
0.86232
0.86245
0.86300
0.86314
0.86339
0.86388
0.86432
0.86478
0.86526
0.86533
0.86595
0.86641
0.86678
0.86690
0.86706
0.86738
0.86807
0.86834
0.86905
0.86932
0.86991
0.87001
0.87023
0.87038
0.87070
0.87074
0.87089
0.87109
0.87109
0.87144
0.87201
0.87250
0.87268
0.87284
0.87354
0.87378
0.87442
0.87452
0.87458
0.87459
0.87462
0.87528
0.87534
0.87589
0.87620
0.87626
0.87627
0.87664
0.87689
0.87767
0.87773
0.87789
0.87792
0.87799
0.87847
0.87897
0.87908
0.87930
0.87950
0.87961
0.88011
0.88059
0.88059
0.88074
0.88079
0.88091
0.88100
0.88124
0.88175
0.88215
0.88293
0.88348
0.88373
0.88375
0.88401
0.88416
0.88426
0.88434
0.88447
0.88469
0.88518
0.88535
0.88596
0.88597
0.88636
0.88708
0.88712
0.88761
0.88814
0.88857
0.88881
0.88969
0.88983
0.89044
0.89049
0.89051
0.89069
0.89072
0.89080
0.89162
0.89167
0.89175
0.89208
0.89209
0.89218
0.89260
0.89275
0.89312
0.89368
0.89381
0.89401
0.89421
0.89430
0.89468
0.89495
0.89513
0.89560
0.89565
0.89633
0.89637
0.89684
0.89746
0.89811
0.89825
0.89836
0.89860
0.89883
0.89910
0.89957
0.89958
0.90007
0.90032
0.90071
0.90096
0.90109
0.90151
0.90194
0.90220
0.90257
0.90262
0.90282
0.90283
0.90293
0.90342
0.90382
0.90388
0.90446
0.90495
0.90496
0.90502
0.90563
0.90570
0.90576
0.90645
0.90715
0.90721
0.90774
0.90786
0.90810
0.90835
0.90835
0.90886
0.90890
0.90926
0.90941
0.90972
0.90988
0.90990
0.91014
0.91015
0.91030
0.91065
0.91193
0.91243
0.91297
0.91297
0.91347
0.91383
0.91455
0.91473
0.91482
0.91500
0.91508
0.91522
0.91572
0.91578
0.91596
0.91603
0.91647
0.91677
0.91717
0.91754
0.91755
0.91755
0.91777
0.91779
0.91795
0.91837
0.91852
0.91867
0.91914
0.91930
0.91970
0.92003
0.92055
0.92105
0.92139
0.92140
0.92193
0.92218
0.92232
0.92315
0.92328
0.92420
0.92460
0.92460
0.92471
0.92472
0.92565
0.92586
0.92623
0.92647
0.92655
0.92663
0.92707
0.92710
0.92716
0.92721
0.92746
0.92747
0.92774
0.92780
0.92820
0.92846
0.92973
0.93007
0.93009
0.93070
0.93097
0.93102
0.93112
0.93209
0.93243
0.93249
0.93251
0.93256
0.93263
0.93264
0.93338
0.93345
0.93381
0.93437
0.93529
0.93554
0.93556
0.93575
0.93636
0.93642
0.93651
0.93664
0.93735
0.93745
0.93746
0.93771
0.93790
0.93905
0.93926
0.93936
0.93940
0.93951
0.93966
0.93981
0.93990
0.94010
0.94024
0.94040
0.94047
0.94273
0.94278
0.94306
0.94306
0.94327
0.94463
0.94471
0.94485
0.94495
0.94509
0.94512
0.94532
0.94538
0.94612
0.94647
0.94683
0.94719
0.94732
0.94760
0.94765
0.94831
0.94835
0.94837
0.94851
0.94868
0.94885
0.94903
0.94914
0.94943
0.94960
0.95052
0.95117
0.95128
0.95147
0.95154
0.95227
0.95290
0.95314
0.95334
0.95382
0.95475
0.95512
0.95537
0.95560
0.95588
0.95628
0.95638
0.95640
0.95666
0.95679
0.95703
0.95720
0.95728
0.95736
0.95776
0.95783
0.95784
0.95784
0.95817
0.95844
0.95846
0.95861
0.95908
0.95971
0.96005
0.96072
0.96126
0.96190
0.96200
0.96236
0.96279
0.96280
0.96301
0.96323
0.96397
0.96444
0.96453
0.96464
0.96465
0.96483
0.96483
0.96494
0.96518
0.96530
0.96534
0.96554
0.96559
0.96559
0.96579
0.96672
0.96673
0.96677
0.96768
0.96817
0.96820
0.96866
0.96871
0.96903
0.96911
0.96914
0.96973
0.96974
0.97004
0.97007
0.97064
0.97067
0.97077
0.97094
0.97148
0.97252
0.97275
0.97276
0.97287
0.97307
0.97334
0.97443
0.97459
0.97494
0.97500
0.97511
0.97518
0.97544
0.97560
0.97576
0.97577
0.97591
0.97604
0.97646
0.97665
0.97684
0.97708
0.97734
0.97780
0.97799
0.97834
0.97875
0.97886
0.97937
0.97969
0.97984
0.98112
0.98121
0.98159
0.98180
0.98194
0.98223
0.98224
0.98249
0.98341
0.98358
0.98459
0.98482
0.98508
0.98567
0.98581
0.98624
0.98638
0.98675
0.98691
0.98708
0.98716
0.98802
0.98803
0.98830
0.98858
0.98869
0.98871
0.98878
0.98888
0.98963
0.98966
0.99014
0.99036
0.99100
0.99127
0.99136
0.99147
0.00000
0.00000
0.00000
0.00000
0.00000
0.00000
0.00000
0.00000
0.00000
0.00000
0.00000
0.00000
0.00000
0.00000
0.00000
0.00000
0.00000
0.00000
0.00000
0.00000
0.00000
0.00000
0.00000
0.00000
0.00000
0.00000
0.00000
0.00000
0.00000
0.00000
0.00000
0.00000
0.00000
0.00000
0.00000
0.00000
0.00000
0.00000
0.00000
0.00000
0.00000
0.00000
0.00000
0.00000
0.00000
0.00000
0.00000
0.00000
0.00000
0.00000
0.00000
0.00000
0.00000
0.00000
0.00000
0.00000
0.00000
0.00000
0.00000
0.00000
0.00000
0.01667
0.03333
0.05000
0.06667
0.08333
0.10000
0.11667
0.13333
0.15000
0.16667
0.18333
0.20000
0.21667
0.23333
0.25000
0.26667
0.28333
0.30000
0.31667
0.33333
0.35000
0.36667
0.38333
0.40000
0.41667
0.43333
0.45000
0.46667
0.48333
0.50000
0.51667
0.53333
0.55000
0.56667
0.58333
0.60000
0.61667
0.63333
0.65000
0.66667
0.68333
0.70000
0.71667
0.73333
0.75000
0.76667
0.78333
0.80000
0.81667
0.83333
0.85000
0.86667
0.88333
0.90000
0.91667
0.93333
0.95000
0.96667
0.98333
1.00000
1.00000
1.00000
1.00000
1.00000
1.00000
1.00000
1.00000
1.00000
1.00000
1.00000
1.00000
1.00000
1.00000
1.00000
1.00000
1.00000
1.00000
1.00000
1.00000
1.00000
1.00000
1.00000
1.00000
1.00000
1.00000
1.00000
1.00000
1.00000
1.00000
1.00000
1.00000
1.00000
1.00000
1.00000
1.00000
1.00000
1.00000
1.00000
1.00000
1.00000
1.00000
1.00000
1.00000
1.00000
1.00000
1.00000
1.00000
1.00000
1.00000
1.00000
1.00000
1.00000
1.00000
1.00000
1.00000
1.00000
1.00000
1.00000
1.00000
1.00000
0.01667
0.03333
0.05000
0.06667
0.08333
0.10000
0.11667
0.13333
0.15000
0.16667
0.18333
0.20000
0.21667
0.23333
0.25000
0.26667
0.28333
0.30000
0.31667
0.33333
0.35000
0.36667
0.38333
0.40000
0.41667
0.43333
0.45000
0.46667
0.48333
0.50000
0.51667
0.53333
0.55000
0.56667
0.58333
0.60000
0.61667
0.63333
0.65000
0.66667
0.68333
0.70000
0.71667
0.73333
0.75000
0.76667
0.78333
0.80000
0.81667
0.83333
0.85000
0.86667
0.88333
0.90000
0.91667
0.93333
0.95000
0.96667
0.98333
