0.58479
0.61442
0.54620
0.78245
0.18170
0.44708
0.05368
0.07957
0.14709
0.98451
0.95328
0.31431
0.01549
0.68651
0.71396
0.21574
0.87923
0.91773
0.27987
0.85336
0.35296
0.41928
0.24594
0.11896
0.51454
0.65087
0.38208
0.81267
0.74592
0.48155
0.36734
0.76886
0.03453
0.79792
0.70365
0.53580
0.62995
0.10267
0.19686
0.23695
0.56703
0.40124
0.59792
0.83177
0.50246
0.06709
0.26818
0.16951
0.86956
0.90189
0.96790
0.46800
0.42929
0.33717
0.12936
0.30327
0.73443
0.66466
0.92945
0.07950
0.91410
0.57992
0.01550
0.68447
0.81383
0.78429
0.75415
0.38363
0.71598
0.14696
0.94988
0.31823
0.04761
0.48503
0.11655
0.42048
0.18277
0.21762
0.25002
0.65286
0.45144
0.28350
0.51312
0.84943
0.61831
0.55133
0.88005
0.35266
0.98514
0.19868
0.49713
0.63234
0.13180
0.66579
0.36958
0.46768
0.83562
0.03364
0.56414
0.26405
0.23367
0.06546
0.80114
0.90242
0.93272
0.53614
0.33693
0.70209
0.16492
0.59800
0.09764
0.96618
0.29661
0.86755
0.43008
0.40012
0.73480
0.76961
0.91317
0.24989
0.88689
0.08375
0.81322
0.18547
0.32045
0.22044
0.51740
0.98521
0.58681
0.45224
0.55144
0.41622
0.74914
0.68071
0.61301
0.71751
0.48072
0.28296
0.95186
0.78355
0.02028
0.14849
0.34601
0.85307
0.64714
0.38474
0.11278
0.04728
0.56471
0.76728
0.87022
0.49603
0.83123
0.72978
0.53632
0.27013
0.46514
0.40188
0.63650
0.03091
0.13314
0.20282
0.96750
0.23191
0.79820
0.60129
0.10180
0.43068
0.06293
0.69741
0.66256
0.93085
0.89631
0.36659
0.33459
0.16747
0.29854
0.78705
0.25276
0.71345
0.94606
0.48581
0.28059
0.21254
0.58382
0.08628
0.45079
0.18717
0.91883
0.14927
0.32043
0.38417
0.55007
0.98083
0.67976
0.41702
0.64731
0.04800
0.88359
0.61900
0.11271
0.51747
0.84973
0.81788
0.35141
0.01996
0.75154
0.73453
0.16332
0.57034
0.29763
0.63090
0.89839
0.53724
0.06669
0.46910
0.40002
0.26451
0.93653
0.59875
0.36378
0.76306
0.86607
0.79802
0.23015
0.83592
0.13296
0.20118
0.66599
0.33094
0.49973
0.69869
0.10403
0.03487
0.96967
0.43249
0.25205
0.51805
0.48350
0.95406
0.64850
0.38486
0.41805
0.54893
0.68619
0.45277
0.21742
0.11754
0.08380
0.74657
0.71355
0.58025
0.88305
0.81437
0.78605
0.01489
0.18550
0.14763
0.32024
0.84715
0.05162
0.98067
0.91329
0.61465
0.28527
0.34767
0.70357
0.03382
0.90135
0.96683
0.76946
0.50133
0.06384
0.39845
0.29956
0.42973
0.66737
0.56663
0.59772
0.23300
0.13356
0.26722
0.20027
0.93687
0.33468
0.86450
0.62925
0.73122
0.37053
0.46437
0.09591
0.83720
0.16389
0.53070
0.80257
0.54913
0.71562
0.24804
0.35327
0.38231
0.41766
0.88546
0.21957
0.51937
0.95407
0.68511
0.58529
0.78363
0.01975
0.81684
0.64798
0.61397
0.75137
0.18433
0.08279
0.92063
0.04668
0.85114
0.48511
0.44691
0.28192
0.31966
0.98480
0.11567
0.14594
0.36616
0.59961
0.40015
0.82993
0.13245
0.29667
0.10158
0.16844
0.19685
0.63474
0.46932
0.23075
0.76888
0.96732
0.86515
0.33348
0.06621
0.80079
0.02989
0.53695
0.66340
0.50347
0.26901
0.56745
0.73314
0.70043
0.93606
0.43028
0.89830
0.74774
0.17948
0.28676
0.41678
0.71289
0.05020
0.78497
0.64591
0.15102
0.57941
0.11297
0.01749
0.31579
0.21530
0.61518
0.44585
0.94593
0.85202
0.38580
0.51838
0.08450
0.91961
0.48045
0.35303
0.54816
0.25301
0.81485
0.98084
0.88068
0.68228
0.59912
0.26604
0.70359
0.97060
0.39949
0.56478
0.93625
0.20012
0.13591
0.89712
0.06751
0.76967
0.16657
0.46420
0.23083
0.49690
0.73419
0.29955
0.36360
0.86775
0.80406
0.33079
0.03132
0.83608
0.52960
0.66732
0.63393
0.09976
0.43631
0.51916
0.11836
0.38170
0.25032
0.21896
0.82054
0.75108
0.58730
0.95326
0.41296
0.14756
0.71495
0.45083
0.91644
0.67949
0.84950
0.98727
0.04951
0.28731
0.48088
0.88434
0.54596
0.08361
0.64749
0.01704
0.61888
0.18096
0.78287
0.31811
0.35199
0.66642
0.49731
0.20178
0.27037
0.60011
0.70029
0.09777
0.53026
0.90286
0.06377
0.29732
0.56576
0.23274
0.76463
0.96497
0.33740
0.43464
0.36966
0.46913
0.03681
0.86500
0.93184
0.16811
0.13446
0.72976
0.63246
0.39804
0.80051
0.83513
0.28305
0.48432
0.64718
0.78653
0.14654
0.07994
0.04593
0.11786
0.71316
0.35352
0.41791
0.95201
0.85230
0.91918
0.98674
0.18515
0.38718
0.51281
0.58095
0.68091
0.61446
0.45264
0.74983
0.81531
0.31477
0.54863
0.88022
0.24698
0.02005
0.21399
0.93354
0.23200
0.16909
0.46570
0.63380
0.09639
0.43693
0.19602
0.33470
0.70236
0.83419
0.56794
0.53748
0.39608
0.89967
0.50139
0.76667
0.26318
0.13069
0.73610
0.03513
0.30182
0.80044
0.67007
0.86689
0.06823
0.36705
0.59837
0.96416
0.97972
0.08702
0.21676
0.61832
0.32053
0.04754
0.11690
0.18451
0.78442
0.44598
0.95401
0.58395
0.28219
0.01842
0.91635
0.64874
0.24989
0.67990
0.81808
0.42016
0.75225
0.51674
0.55215
0.71368
0.38394
0.35220
0.88555
0.85111
0.48391
0.15112
0.39858
0.16621
0.93513
0.33463
0.76545
0.60305
0.13659
0.29623
0.73009
0.23013
0.56617
0.50049
0.70088
0.20324
0.96670
0.36916
0.90254
0.83040
0.02926
0.63409
0.80291
0.26659
0.66665
0.53710
0.86415
0.09873
0.07057
0.46580
0.43063
0.78262
0.85351
0.48706
0.27956
0.51304
0.68229
0.74727
0.21290
0.08282
0.45339
0.91926
0.41424
0.62059
0.11316
0.14880
0.88419
0.81842
0.98074
0.18197
0.71293
0.01375
0.35203
0.58050
0.24639
0.04967
0.31564
0.65124
0.94757
0.37981
0.55061
0.43203
0.56450
0.23097
0.76281
0.67057
0.46707
0.80017
0.36521
0.69977
0.83187
0.59645
0.13456
0.49924
0.06471
0.17023
0.26984
0.32944
0.29693
0.09922
0.96942
0.02950
0.40203
0.20150
0.86330
0.93202
0.53203
0.63072
0.89937
0.73708
0.78720
0.21335
0.97939
0.18110
0.81652
0.08583
0.38582
0.11584
0.64942
0.05007
0.91847
0.85379
0.51491
0.48732
0.41751
0.95221
0.74641
0.58277
0.01438
0.61956
0.34720
0.72083
0.31612
0.88318
0.24882
0.45051
0.54842
0.68635
0.28396
0.14693
0.59604
0.43386
0.26789
0.10244
0.19641
0.33551
0.36677
0.63348
0.13167
0.53143
0.17007
0.83153
0.86629
0.72995
0.67021
0.40017
0.56729
0.30142
0.70376
0.90286
0.46691
0.23262
0.76463
0.96441
0.03008
0.50140
0.06518
0.80402
0.93106
0.88705
0.24781
0.21406
0.05072
0.64742
0.45410
0.28366
0.55112
0.75102
0.61817
0.81458
0.41620
0.51914
0.58222
0.01355
0.31882
0.68163
0.94606
0.08395
0.84784
0.98214
0.14803
0.48675
0.71356
0.78416
0.38245
0.91968
0.11868
0.34656
0.18593
0.70181
0.53429
0.13022
0.33063
0.26540
0.77011
0.50000
0.03162
0.73244
0.37035
0.93655
0.80040
0.42942
0.09837
0.63452
0.19624
0.46895
0.56347
0.83177
0.66801
0.23735
0.89633
0.86402
0.29665
0.39650
0.96569
0.06940
0.16263
0.59610
0.84769
0.08167
0.48709
0.34886
0.54735
0.62017
0.71983
0.45310
0.18423
0.68348
0.65303
0.94687
0.81543
0.11259
0.92011
0.01933
0.24805
0.38566
0.88334
0.57952
0.04733
0.74810
0.15242
0.51434
0.32062
0.98087
0.27978
0.41663
0.78092
0.21609
0.70058
0.79816
0.66327
0.10327
0.60239
0.83642
0.73676
0.26647
0.96405
0.06711
0.89995
0.30365
0.40083
0.22992
0.56811
0.62995
0.50241
0.13025
0.53479
0.16891
0.03681
0.43302
0.46591
0.36296
0.76755
0.92940
0.20003
0.32956
0.86569
0.35406
0.51740
0.75074
0.81517
0.84646
0.42009
0.08562
0.64932
0.18186
0.48158
0.05099
0.95315
0.38126
0.71917
0.61502
0.91668
0.11972
0.31631
0.88051
0.25371
0.28469
0.14978
0.58244
0.01777
0.21571
0.55189
0.44798
0.98644
0.78711
0.68497
0.13203
0.73166
0.50186
0.79806
0.76888
0.86489
0.30033
0.26400
0.40111
0.96485
0.16541
0.03463
0.20288
0.06994
0.33309
0.46943
0.93210
0.56854
0.63558
0.59865
0.23541
0.43306
0.66937
0.90299
0.10268
0.36773
0.83233
0.52918
0.69993
0.08573
0.85266
0.38223
0.81371
0.28005
0.98687
0.04772
0.91271
0.34811
0.25156
0.95193
0.88068
0.55074
0.75018
0.78706
0.18688
0.32032
0.51565
0.58221
0.14737
0.68337
0.22061
0.71754
0.48080
0.45226
0.11957
0.01817
0.65313
0.41865
0.61510
0.09631
0.19616
0.66479
0.29628
0.73358
0.63632
0.77032
0.93679
0.40275
0.43491
0.26396
0.70101
0.03141
0.86260
0.36398
0.90412
0.96950
0.56812
0.50330
0.06717
0.16973
0.83153
0.13084
0.33194
0.79812
0.46522
0.53016
0.60257
0.23261
0.65232
0.62041
0.98446
0.48095
0.74616
0.28058
0.14868
0.31437
0.21300
0.68591
0.94747
0.91888
0.38034
0.01547
0.08202
0.12030
0.41506
0.71515
0.58081
0.51272
0.04743
0.81937
0.78138
0.35098
0.85034
0.18076
0.24856
0.55034
0.88378
0.45365
0.90314
0.93440
0.59862
0.36427
0.43433
0.50213
0.96725
0.16612
0.73622
0.13088
0.46703
0.23347
0.66404
0.53746
0.86941
0.10193
0.56442
0.63085
0.03448
0.76417
0.06590
0.83629
0.70091
0.39926
0.26354
0.30232
0.79632
0.33578
0.20358
0.28330
0.74776
0.88161
0.22032
0.41578
0.81296
0.78342
0.54998
0.31901
0.38117
0.85367
0.48670
0.18745
0.68642
0.05000
0.58613
0.44751
0.61613
0.02067
0.65386
0.91456
0.71560
0.11508
0.25194
0.52055
0.35062
0.95190
0.98383
0.07997
0.15237
0.66333
0.16918
0.46339
0.90259
0.86915
0.96437
0.23479
0.20054
0.56917
0.83595
0.06527
0.80109
0.26326
0.10053
0.39899
0.53617
0.02921
0.29783
0.63131
0.59949
0.70148
0.50014
0.33711
0.12988
0.93706
0.76936
0.43439
0.36841
0.73307
0.78128
0.48589
0.11418
0.28491
0.71366
0.38169
0.04708
0.41634
0.98735
0.68518
0.44623
0.65255
0.34643
0.91855
0.54983
0.94767
0.74902
0.81443
0.31995
0.17941
0.84955
0.01963
0.88410
0.25158
0.15005
0.51796
0.21396
0.58010
0.61300
0.08708
0.03380
0.76586
0.70236
0.13494
0.90070
0.56998
0.96992
0.36568
0.93313
0.73580
0.53646
0.79597
0.63232
0.49832
0.42997
0.66654
0.23132
0.06958
0.33511
0.19824
0.40167
0.16997
0.29632
0.47068
0.86583
0.83475
0.10067
0.60188
0.26464
0.71641
0.18704
0.38653
0.05303
0.21760
0.41679
0.01779
0.44644
0.48374
0.58548
0.85395
0.14812
0.54924
0.11720
0.31496
0.62011
0.65151
0.51513
0.98633
0.95121
0.74858
0.08371
0.78392
0.28703
0.68474
0.81954
0.25301
0.92008
0.88702
0.35014
0.07039
0.33066
0.66585
0.29633
0.93305
0.03412
0.46612
0.43399
0.23501
0.53741
0.39779
0.20404
0.36505
0.49627
0.69720
0.60129
0.86563
0.62921
0.73388
0.96260
0.80409
0.89795
0.16513
0.13639
0.26851
0.82976
0.56373
0.10268
0.76408
0.34910
0.21292
0.78057
0.61840
0.68668
0.85313
0.98226
0.08334
0.31477
0.45082
0.65124
0.72055
0.04774
0.28557
0.51576
0.01303
0.95235
0.91263
0.88048
0.58621
0.11692
0.38486
0.42080
0.48398
0.75079
0.55325
0.81726
0.15189
0.25079
0.18103
0.57041
0.89889
0.40238
0.86983
0.96800
0.83556
0.26734
0.23542
0.09731
0.19741
0.66259
0.33356
0.29812
0.43184
0.80368
0.36378
0.76771
0.12930
0.63058
0.16478
0.02991
0.73051
0.46333
0.93474
0.53366
0.06870
0.69672
0.49801
0.59862
0.64882
0.75108
0.54763
0.11948
0.18514
0.51929
0.34736
0.21385
0.95024
0.31263
0.27940
0.81689
0.24595
0.48724
0.04903
0.87977
0.08656
0.61486
0.91716
0.58295
0.85219
0.01287
0.68441
0.78729
0.41331
0.14681
0.38236
0.98743
0.45259
0.71550
0.56833
0.09845
0.46475
0.63435
0.79655
0.39585
0.96976
0.76691
0.83251
0.66555
0.93021
0.90304
0.43132
0.60072
0.70030
0.49867
0.13318
0.03093
0.23264
0.20350
0.06930
0.86432
0.16291
0.29763
0.73589
0.36540
0.53388
0.26329
0.33387
0.08014
0.35395
0.21430
0.44807
0.88355
0.04611
0.11551
0.38004
0.81459
0.14607
0.98069
0.31289
0.78276
0.48357
0.85121
0.18575
0.71469
0.91687
0.25348
0.64625
0.58433
0.94951
0.68527
0.01436
0.41276
0.28092
0.74794
0.55026
0.62004
0.51272
0.56584
0.66989
0.93451
0.27034
0.03685
0.33126
0.86571
0.06686
0.23202
0.43503
0.63411
0.29669
0.90230
0.73433
0.46805
0.09795
0.40060
0.20312
0.50075
0.37036
0.60199
0.77007
0.83436
0.53545
0.69676
0.96607
0.13163
0.16919
0.80185
0.85332
0.91251
0.01553
0.07960
0.48116
0.41889
0.11688
0.61747
0.18366
0.78117
0.81820
0.21592
0.55338
0.45403
0.95161
0.65354
0.05178
0.88074
0.51822
0.75201
0.14875
0.34586
0.68572
0.25054
0.38393
0.71556
0.98531
0.28291
0.31725
0.58622
0.36791
0.59796
0.87048
0.90360
0.56567
0.79813
0.06567
0.46603
0.13025
0.73054
0.39656
0.02925
0.70359
0.43164
0.23369
0.66806
0.76326
0.63025
0.53200
0.20245
0.83373
0.96999
0.26807
0.30373
0.10413
0.93079
0.50275
0.16650
0.33352
0.61815
0.74736
0.14656
0.71679
0.91858
0.64674
0.04854
0.68353
0.08143
0.01607
0.58591
0.41296
0.94721
0.38516
0.47926
0.28331
0.98568
0.18502
0.51967
0.78145
0.11474
0.81255
0.21895
0.87998
0.31715
0.45066
0.25017
0.84957
0.55293
0.34945
0.40056
0.96443
0.23332
0.33499
0.13350
0.93060
0.90383
0.77052
0.70268
0.66406
0.10051
0.73523
0.20401
0.16590
0.56401
0.83040
0.63749
0.49629
0.36602
0.86919
0.03424
0.43560
0.06652
0.59691
0.29923
0.26961
0.46934
0.79922
0.53312
0.64671
0.84753
0.08052
0.18058
0.38447
0.05002
0.98405
0.82075
0.21321
0.54843
0.15406
0.58627
0.11866
0.27934
0.91512
0.75341
0.47932
0.71347
0.88347
0.94604
0.24998
0.34699
0.68676
0.62056
0.45099
0.51806
0.01708
0.78329
0.41616
0.31870
0.82960
0.73558
0.70027
0.30001
0.19742
0.02951
0.13562
0.79848
0.89845
0.17000
0.49675
0.87000
0.93316
0.32972
0.09890
0.53499
0.66366
0.43591
0.23584
0.56389
0.40391
0.63243
0.96734
0.36333
0.60323
0.06583
0.76703
0.46502
0.26735
0.72016
0.84585
0.87933
0.11863
0.08297
0.18497
0.32016
0.35335
0.41515
0.98731
0.75348
0.91585
0.78220
0.25200
0.81710
0.38424
0.28750
0.94774
0.01474
0.21997
0.48300
0.62026
0.64867
0.05226
0.44625
0.51308
0.54753
0.58335
0.15259
0.68204
0.03019
0.63340
0.76561
0.19935
0.27074
0.73453
0.36358
0.83702
0.59706
0.29828
0.49591
0.13505
0.33474
0.70204
0.57070
0.10369
0.90358
0.67030
0.80012
0.53179
0.40111
0.06450
0.43070
0.17061
0.96852
0.46407
0.93420
0.87016
0.23424
0.65079
0.25374
0.82083
0.41472
0.15108
0.61334
0.38436
0.98012
0.94655
0.72026
0.35268
0.51947
0.77989
0.91330
0.21341
0.01769
0.12044
0.75214
0.28106
0.58099
0.08351
0.55267
0.48659
0.18432
0.68276
0.88556
0.44837
0.85122
0.04850
0.31969
0.86295
0.19766
0.46643
0.96293
0.90174
0.56921
0.80319
0.26278
0.43318
0.09821
0.83512
0.50074
0.93631
0.59736
0.03082
0.73063
0.76981
0.29923
0.23081
0.69672
0.06306
0.63137
0.66768
0.53129
0.16279
0.33227
0.36671
0.13390
0.39923
0.64628
0.57988
0.11427
0.44962
0.48198
0.15270
0.38376
0.18043
0.71920
0.88305
0.05359
0.35273
0.97920
0.61694
0.28206
0.77970
0.94861
0.81811
0.85395
0.51491
0.54627
0.24879
0.75051
0.01791
0.21586
0.31804
0.41856
0.08576
0.91643
0.67975
0.46272
0.12920
0.19905
0.06604
0.39781
0.83024
0.60009
0.03429
0.80164
0.36268
0.76463
0.93052
0.56874
0.29588
0.53218
0.23010
0.09871
0.86355
0.96691
0.66260
0.90387
0.49632
0.73243
0.33652
0.26557
0.69935
0.63545
0.42973
0.16497
0.21631
0.25153
0.48739
0.31883
0.08113
0.61413
0.68070
0.34988
0.85041
0.51624
0.28057
0.71324
0.65369
0.18592
0.58439
0.38425
0.81428
0.14958
0.01856
0.54846
0.91383
0.78075
0.41879
0.98589
0.94768
0.75118
0.45232
0.11879
0.05248
0.88612
0.47052
0.96350
0.03525
0.42926
0.37072
0.39757
0.17052
0.09757
0.87052
0.56524
0.76775
0.27049
0.49966
0.73162
0.20297
0.53219
0.93075
0.13454
0.23506
0.89621
0.70215
0.60237
0.06537
0.80144
0.29980
0.66850
0.33051
0.63232
0.83493
0.11766
0.35126
0.25294
0.08037
0.88403
0.04876
0.77994
0.91873
0.32010
0.45217
0.64879
0.57964
0.18639
0.38121
0.48532
0.71937
0.94616
0.81506
0.98636
0.75230
0.55262
0.68420
0.14780
0.01817
0.28563
0.61686
0.41477
0.51846
0.85212
0.21661
0.06797
0.86962
0.63436
0.90276
0.93475
0.46585
0.70318
0.23066
0.30394
0.66649
0.76695
0.60296
0.83486
0.03404
0.33010
0.13500
0.16924
0.53296
0.96746
0.26324
0.56302
0.43357
0.19852
0.73575
0.79894
0.50265
0.09977
0.36945
0.40239
0.58720
0.95364
0.74626
0.11376
0.98148
0.34745
0.54627
0.18017
0.51839
0.38537
0.44924
0.31540
0.28352
0.81278
0.21674
0.85056
0.01548
0.41760
0.25407
0.05335
0.08440
0.14639
0.71772
0.78283
0.61478
0.68134
0.88735
0.91572
0.47983
0.64986
0.03642
0.76442
0.19821
0.83083
0.63466
0.70074
0.79736
0.90183
0.92937
0.86836
0.16286
0.73151
0.43153
0.26943
0.22954
0.66638
0.49757
0.96535
0.39674
0.53241
0.30010
0.13454
0.36959
0.33514
0.46771
0.06935
0.09724
0.59721
0.56412
0.65005
0.61797
0.47996
0.54936
0.97938
0.88355
0.94846
0.38030
0.12005
0.08732
0.81907
0.21524
0.41444
0.58060
0.24920
0.51613
0.68664
0.31324
0.01674
0.18473
0.85170
0.45244
0.78423
0.74679
0.71632
0.91669
0.15078
0.35136
0.28072
0.05120
0.93304
0.19735
0.53570
0.72951
0.83055
0.66718
0.10311
0.49942
0.90379
0.97003
0.03578
0.46905
0.29991
0.36735
0.70295
0.13020
0.56818
0.80021
0.76929
0.39701
0.86629
0.43706
0.27037
0.06820
0.60045
0.16805
0.22957
0.33020
0.63337
0.02030
0.24916
0.64767
0.44854
0.91870
0.88547
0.47999
0.78719
0.38649
0.41785
0.54951
0.07969
0.58261
0.04659
0.18292
0.71948
0.68588
0.31713
0.21317
0.97986
0.81368
0.11754
0.61666
0.27966
0.14678
0.75129
0.51862
0.34867
0.94591
0.84938
0.80393
0.30212
0.69980
0.89738
0.73383
0.56590
0.13362
0.59634
0.53738
0.63697
0.06489
0.50187
0.36352
0.66691
0.43294
0.33646
0.09967
0.96839
0.76301
0.83624
0.03162
0.16645
0.20390
0.26866
0.40365
0.23230
0.86779
0.93290
0.47058
0.71255
0.25140
0.35348
0.78392
0.32013
0.58152
0.94777
0.68031
0.41656
0.51261
0.28227
0.08188
0.75205
0.64616
0.98297
0.81395
0.47970
0.05356
0.91451
0.85260
0.38497
0.21889
0.61330
0.55051
0.88266
0.44637
0.11505
0.01600
0.14882
0.18749
0.59760
0.63158
0.83556
0.86901
0.53388
0.56550
0.69939
0.73279
0.09763
0.80237
0.37066
0.20383
0.26575
0.13419
0.16473
0.23700
0.49947
0.97072
0.93130
0.42965
0.03523
0.33524
0.76825
0.66874
0.40340
0.89857
0.06413
0.29898
0.46853
0.05382
0.88622
0.62055
0.95364
0.01637
0.42034
0.81591
0.91410
0.68376
0.64940
0.38239
0.48670
0.75301
0.78730
0.15080
0.21545
0.35168
0.18014
0.08324
0.98077
0.71760
0.58467
0.84705
0.24793
0.55254
0.44816
0.31368
0.11510
0.28714
0.51296
0.16305
0.43033
0.72928
0.96900
0.40008
0.79745
0.56524
0.50261
0.36893
0.76966
0.83602
0.86509
0.63666
0.26338
0.06356
0.20177
0.66365
0.10342
0.53101
0.13039
0.33040
0.23562
0.90332
0.59596
0.46966
0.70245
0.03436
0.29993
0.93122
0.04700
0.81514
0.08029
0.38459
0.67997
0.24946
0.44890
0.61333
0.11679
0.91384
0.88487
0.51991
0.34946
0.01666
0.21765
0.54600
0.71790
0.15340
0.31450
0.28055
0.95051
0.48341
0.74707
0.78048
0.58190
0.65047
0.85331
0.98129
0.18147
0.41400
0.69707
0.33715
0.09980
0.06431
0.76638
0.56744
0.63289
0.50076
0.17007
0.83422
0.30194
0.96485
0.89960
0.23620
0.26396
0.36453
0.40328
0.79835
0.53522
0.73482
0.42972
0.12985
0.20336
0.03602
0.93692
0.67065
0.46601
0.59665
0.86664
0.61483
0.15347
0.41482
0.45263
0.88491
0.51393
0.81833
0.75317
0.48244
0.34933
0.95273
0.54898
0.28464
0.68354
0.64783
0.58487
0.24918
0.21566
0.31461
0.78054
0.98280
0.04847
0.18471
0.84649
0.71587
0.08109
0.38331
0.91975
0.01675
0.11635
0.83176
0.39644
0.20268
0.66592
0.90054
0.86548
0.03648
0.93556
0.33377
0.30334
0.50171
0.23085
0.59920
0.06726
0.16257
0.53236
0.96902
0.46276
0.26999
0.73286
0.69812
0.36557
0.56897
0.63522
0.77037
0.43739
0.13582
0.79619
0.09731
0.85316
0.38672
0.01604
0.41363
0.04756
0.54766
0.61638
0.74902
0.11341
0.88181
0.07980
0.68580
0.81675
0.78137
0.34606
0.51299
0.24805
0.31990
0.48720
0.64787
0.71445
0.27935
0.58587
0.98178
0.15074
0.45314
0.94626
0.21322
0.91959
0.18034
0.20213
0.39861
0.29627
0.36597
0.73233
0.89816
0.22926
0.93619
0.53658
0.26707
0.03074
0.83079
0.86629
0.13644
0.96686
0.06631
0.43166
0.80140
0.63120
0.16823
0.47051
0.76578
0.59643
0.66441
0.33389
0.57072
0.10335
0.50075
0.69615
0.84821
0.31745
0.01669
0.28383
0.05287
0.75033
0.98016
0.47942
0.24813
0.81904
0.68443
0.52078
0.15279
0.41481
0.45360
0.54683
0.21538
0.61279
0.78241
0.65370
0.38482
0.95388
0.18333
0.88165
0.91517
0.12042
0.58053
0.35229
0.08606
0.71567
0.80126
0.13703
0.06485
0.90128
0.23558
0.96715
0.33738
0.27013
0.29654
0.50006
0.83201
0.93048
0.69840
0.56534
0.53059
0.39642
0.59904
0.46252
0.63569
0.76254
0.20319
0.73351
0.03197
0.66866
0.43744
0.36518
0.86351
0.09755
0.16807
0.55404
0.11663
0.84698
0.75340
0.68061
0.15347
0.38423
0.98691
0.21609
0.04744
0.71979
0.78482
0.51721
0.35269
0.31459
0.48492
0.58668
0.91429
0.88390
0.18526
0.45294
0.95191
0.24661
0.08474
0.28217
0.41820
0.81368
0.65223
0.61800
0.01679
0.33149
0.10237
0.83750
0.03465
0.66705
0.73041
0.43642
0.20378
0.36687
0.22958
0.79704
0.06975
0.40064
0.59697
0.63070
0.53684
0.50278
0.70147
0.96456
0.30387
0.26652
0.13155
0.57015
0.93352
0.16552
0.76887
0.90317
0.86828
0.46753
0.11513
0.54900
0.41661
0.92030
0.98278
0.18377
0.38722
0.45189
0.88423
0.48510
0.81808
0.71973
0.34936
0.52079
0.01250
0.78672
0.58110
0.08223
0.94619
0.84741
0.68546
0.14748
0.64939
0.61436
0.75345
0.25053
0.32028
0.28362
0.21704
0.04899
0.89632
0.40310
0.66584
0.26854
0.43440
0.20124
0.93491
0.16541
0.30267
0.23671
0.96316
0.70074
0.13646
0.60346
0.46602
0.03497
0.10063
0.06947
0.53307
0.33671
0.50031
0.86808
0.73107
0.79761
0.76650
0.82929
0.36830
0.56659
0.62975
0.91487
0.35066
0.85412
0.11820
0.41855
0.17933
0.22072
0.07991
0.14613
0.72019
0.81355
0.94944
0.64992
0.05108
0.87926
0.58124
0.38502
0.98685
0.25109
0.61455
0.28228
0.75055
0.44938
0.51705
0.32051
0.78231
0.48413
0.68497
0.55324
0.01881
0.53178
0.70072
0.93451
0.36473
0.63144
0.46664
0.90235
0.96403
0.86602
0.80122
0.26815
0.23456
0.19785
0.33284
0.43251
0.49824
0.73120
0.56355
0.03574
0.67045
0.39766
0.13677
0.29844
0.59871
0.76303
0.09966
0.07019
0.16920
0.83350
0.78671
0.31672
0.01869
0.05312
0.21373
0.38334
0.88626
0.35404
0.41705
0.55245
0.18414
0.92013
0.98326
0.81257
0.25355
0.51791
0.08099
0.48144
0.75411
0.65039
0.28075
0.11518
0.95072
0.44885
0.68215
0.84834
0.61897
0.58157
0.14789
0.72015
0.56817
0.16754
0.63421
0.93589
0.90273
0.19696
0.79777
0.03317
0.36993
0.86382
0.06615
0.76334
0.30415
0.43748
0.49781
0.69610
0.96377
0.27057
0.53747
0.46935
0.40381
0.73623
0.66596
0.83457
0.33097
0.09943
0.60171
0.23412
0.13392
0.18378
0.98300
0.88429
0.44902
0.38734
0.11385
0.34936
0.41920
0.61897
0.91659
0.95266
0.67949
0.31438
0.21574
0.71270
0.48451
0.65200
0.28179
0.14870
0.51617
0.01661
0.74862
0.05358
0.81836
0.25345
0.78567
0.08514
0.58058
0.54646
0.85378
0.23620
0.93144
0.30108
0.03018
0.96793
0.60355
0.53713
0.33299
0.06718
0.83588
0.76485
0.46383
0.80010
0.49759
0.43068
0.67008
0.73346
0.69964
0.16818
0.27016
0.20111
0.86519
0.62985
0.13618
0.90294
0.56658
0.36660
0.39626
0.09969
0.01481
0.94700
0.81330
0.85020
0.11854
0.75269
0.38486
0.45189
0.21872
0.68434
0.64682
0.55042
0.27954
0.41255
0.48410
0.98496
0.58424
0.24826
0.34629
0.17952
0.14646
0.51684
0.91695
0.05148
0.71921
0.88508
0.61541
0.32058
0.78208
0.07982
0.33164
0.13224
0.03616
0.36587
0.96363
0.70314
0.66428
0.82989
0.86370
0.23121
0.30349
0.93192
0.40030
0.09645
0.79976
0.06492
0.90235
0.16372
0.49972
0.76417
0.46568
0.63417
0.26266
0.20248
0.43062
0.73615
0.53660
0.56795
0.59648
0.68103
0.18097
0.75376
0.08296
0.64801
0.88523
0.61278
0.14845
0.25396
0.38052
0.85246
0.54658
0.71735
0.31852
0.98175
0.58046
0.28589
0.81748
0.41396
0.78331
0.48301
0.51828
0.21429
0.04730
0.91855
0.95063
0.01295
0.35136
0.11667
0.45022
0.66984
0.33245
0.30057
0.93022
0.96364
0.26818
0.79999
0.56516
0.46499
0.10265
0.73410
0.40113
0.50242
0.23708
0.60302
0.43655
0.13196
0.69596
0.19809
0.63215
0.03022
0.36861
0.06749
0.77007
0.17013
0.90038
0.86806
0.53574
0.83659
0.51536
0.41290
0.98709
0.11347
0.61533
0.01929
0.71871
0.65414
0.21461
0.78704
0.85392
0.81405
0.74731
0.31264
0.58170
0.35095
0.38607
0.91366
0.45090
0.17987
0.14730
0.24642
0.55119
0.05235
0.08382
0.95404
0.27936
0.68630
0.48691
0.87998
0.36771
0.29630
0.53075
0.43060
0.03541
0.39762
0.82921
0.90224
0.33172
0.13227
0.49674
0.76800
0.26711
0.62994
0.06585
0.16722
0.23517
0.60374
0.73026
0.69597
0.66939
0.86928
0.20249
0.93697
0.46309
0.96760
0.09729
0.79919
0.56338
0.44934
0.78473
0.25019
0.01896
0.98492
0.11431
0.08193
0.31390
0.75057
0.81845
0.51412
0.91924
0.64846
0.87959
0.61630
0.05197
0.35139
0.18662
0.14880
0.58196
0.95156
0.54723
0.28256
0.84744
0.38562
0.41971
0.68476
0.71672
0.21930
0.48634
0.23177
0.09751
0.02927
0.60121
0.36787
0.16428
0.86547
0.73407
0.69806
0.43674
0.90275
0.83117
0.63478
0.53413
0.26763
0.30291
0.96756
0.49610
0.20268
0.79656
0.33117
0.13157
0.76452
0.66676
0.39921
0.46983
0.93237
0.56755
0.06352
0.58218
0.95223
0.88482
0.71654
0.81783
0.45299
0.28702
0.98333
0.31683
0.35056
0.25294
0.11320
0.91356
0.01960
0.15087
0.51824
0.65070
0.04853
0.61961
0.37917
0.21978
0.74871
0.78228
0.41556
0.84924
0.08276
0.55351
0.68550
0.48262
0.18598
0.56708
0.20324
0.73380
0.13472
0.63004
0.06703
0.33165
0.03657
0.76981
0.09865
0.86640
0.49590
0.39796
0.79774
0.36272
0.66261
0.90128
0.27065
0.59793
0.22967
0.70162
0.96369
0.93622
0.83069
0.29707
0.17022
0.43681
0.53147
0.46660
0.34735
0.84892
0.98003
0.21319
0.71555
0.27922
0.88368
0.58139
0.24974
0.04907
0.91530
0.48554
0.08220
0.38641
0.78342
0.68510
0.01340
0.45300
0.15075
0.11372
0.31774
0.41682
0.75124
0.51416
0.65259
0.55159
0.82044
0.95191
0.61948
0.18626
0.50327
0.19991
0.76381
0.43679
0.62958
0.46624
0.40324
0.10370
0.73557
0.16618
0.03260
0.26548
0.90107
0.93087
0.06732
0.56720
0.13481
0.66270
0.82979
0.80415
0.23228
0.53613
0.59913
0.30238
0.70132
0.36414
0.96773
0.33690
0.87004
0.15215
0.75120
0.58322
0.98347
0.51858
0.28050
0.62027
0.08714
0.41301
0.11323
0.35311
0.91531
0.48371
0.05199
0.18090
0.21686
0.38533
0.24926
0.31582
0.95230
0.67967
0.45117
0.02039
0.84619
0.78582
0.54929
0.65040
0.88294
0.71859
0.81295
0.63666
0.86918
0.59863
0.89684
0.73041
0.49608
0.30055
0.53609
0.20302
0.40259
0.83125
0.96625
0.43062
0.80001
0.26370
0.77021
0.36549
0.69641
0.23409
0.66834
0.93344
0.13501
0.47043
0.03363
0.33743
0.16662
0.06521
0.56527
0.10154
0.25153
0.48185
0.61378
0.77945
0.55080
0.95170
0.74863
0.11281
0.58377
0.34826
0.21306
0.37938
0.04623
0.85380
0.31696
0.44697
0.01893
0.88737
0.82055
0.18734
0.64589
0.15130
0.28575
0.68545
0.07932
0.51517
0.41614
0.71413
0.98532
0.91311
0.96681
0.03300
0.50263
0.53666
0.93518
0.87017
0.66709
0.13294
0.76265
0.63551
0.89830
0.60348
0.19661
0.69981
0.36667
0.83420
0.26285
0.33711
0.73721
0.80000
0.40378
0.47036
0.23215
0.06872
0.30341
0.43106
0.56488
0.16421
0.10368
0.61776
0.75192
0.68677
0.85218
0.55123
0.27922
0.35408
0.01619
0.78120
0.81651
0.08284
0.91881
0.88612
0.44969
0.51725
0.31581
0.25382
0.65050
0.38186
0.58457
0.98157
0.95414
0.18565
0.04861
0.48570
0.11367
0.14593
0.21917
0.71501
0.41938
0.16743
0.69705
0.09950
0.93556
0.96679
0.06353
0.53621
0.40207
0.59673
0.56348
0.76983
0.79664
0.33131
0.82989
0.86790
0.89941
0.26531
0.23343
0.73472
0.66955
0.03604
0.13596
0.36808
0.43265
0.29805
0.62957
0.46876
0.49836
0.19931
0.61927
0.84694
0.38420
0.18161
0.11937
0.78261
0.88468
0.48255
0.65227
0.41250
0.31681
0.91741
0.24825
0.51369
0.14600
0.54815
0.04722
0.71603
0.81788
0.21996
0.28009
0.74720
0.95035
0.01575
0.58578
0.98576
0.08392
0.35135
0.68571
0.45395
0.13724
0.39899
0.09787
0.03011
0.30152
0.73529
0.49726
0.36672
0.22967
0.32952
0.89958
0.66524
0.17031
0.60277
0.26855
0.83682
0.56312
0.06461
0.43191
0.93051
0.86909
0.19636
0.96566
0.80255
0.53605
0.70405
0.77012
0.46478
0.62959
0.71657
0.48569
0.01384
0.95335
0.14838
0.84920
0.38500
0.28311
0.91960
0.24764
0.74820
0.58112
0.21625
0.78652
0.11596
0.31390
0.05153
0.87928
0.98150
0.68662
0.81254
0.42009
0.61777
0.34682
0.54879
0.51774
0.18732
0.64768
0.44598
0.08576
0.23457
0.10073
0.43383
0.16291
0.56926
0.70388
0.03711
0.72982
0.49835
0.27027
0.20397
0.13640
0.96498
0.33160
0.76547
0.53687
0.46944
0.83382
0.36317
0.63077
0.06408
0.80064
0.89943
0.39651
0.60399
0.30281
0.93039
0.86380
0.66906
0.68523
0.11620
0.21592
0.48179
0.55128
0.15065
0.52027
0.38112
0.31851
0.61316
0.45112
0.88202
0.74863
0.34988
0.98502
0.08207
0.71890
0.58053
0.01340
0.81781
0.28669
0.18742
0.91955
0.84937
0.94846
0.78388
0.24904
0.05298
0.41442
0.65085
0.93597
0.19721
0.66683
0.16359
0.73399
0.23604
0.49799
0.90137
0.59661
0.46893
0.02970
0.86551
0.63518
0.43252
0.06619
0.80273
0.09945
0.36985
0.69943
0.26867
0.39604
0.29984
0.83332
0.13279
0.53123
0.56593
0.96795
0.76864
0.33254
0.97972
0.25386
0.41297
0.71711
0.48686
0.17994
0.85248
0.55383
0.28338
0.91594
0.95282
0.61963
0.05017
0.11332
0.21461
0.14946
0.88566
0.38579
0.08020
0.81298
0.74595
0.31857
0.58317
0.01615
0.34819
0.51911
0.68570
0.78019
0.45373
0.64619
0.73702
0.29646
0.33636
0.79806
0.59971
0.36811
0.66428
0.92938
0.12929
0.63701
0.40035
0.76908
0.10039
0.16668
0.43091
0.89910
0.49642
0.53725
0.23132
0.26939
0.03183
0.70357
0.46701
0.20282
0.86292
0.83386
0.06750
0.96814
0.56557
0.44940
0.18045
0.31330
0.48262
0.98501
0.35083
0.91985
0.41577
0.88269
0.94996
0.81904
0.11621
0.01816
0.64638
0.08202
0.68580
0.71910
0.54643
0.25250
0.14685
0.21363
0.51271
0.05096
0.28608
0.85131
0.58181
0.78740
0.38364
0.61756
0.74910
0.19888
0.80199
0.76384
0.82951
0.39603
0.66337
0.03175
0.23256
0.43519
0.26911
0.36294
0.33693
0.06556
0.53187
0.63327
0.96450
0.29614
0.17063
0.70018
0.46843
0.56823
0.93604
0.13492
0.09610
0.50381
0.60348
0.73290
0.90216
0.86431
0.00000
0.01667
0.03333
0.05000
0.06667
0.08333
0.10000
0.11667
0.13333
0.15000
0.16667
0.18333
0.20000
0.21667
0.23333
0.25000
0.26667
0.28333
0.30000
0.31667
0.33333
0.35000
0.36667
0.38333
0.40000
0.41667
0.43333
0.45000
0.46667
0.48333
0.50000
0.51667
0.53333
0.55000
0.56667
0.58333
0.60000
0.61667
0.63333
0.65000
0.66667
0.68333
0.70000
0.71667
0.73333
0.75000
0.76667
0.78333
0.80000
0.81667
0.83333
0.85000
0.86667
0.88333
0.90000
0.91667
0.93333
0.95000
0.96667
0.98333
1.00000
1.00000
1.00000
1.00000
1.00000
1.00000
1.00000
1.00000
1.00000
1.00000
1.00000
1.00000
1.00000
1.00000
1.00000
1.00000
1.00000
1.00000
1.00000
1.00000
1.00000
1.00000
1.00000
1.00000
1.00000
1.00000
1.00000
1.00000
1.00000
1.00000
1.00000
1.00000
1.00000
1.00000
1.00000
1.00000
1.00000
1.00000
1.00000
1.00000
1.00000
1.00000
1.00000
1.00000
1.00000
1.00000
1.00000
1.00000
1.00000
1.00000
1.00000
1.00000
1.00000
1.00000
1.00000
1.00000
1.00000
1.00000
1.00000
1.00000
1.00000
0.00000
0.01667
0.03333
0.05000
0.06667
0.08333
0.10000
0.11667
0.13333
0.15000
0.16667
0.18333
0.20000
0.21667
0.23333
0.25000
0.26667
0.28333
0.30000
0.31667
0.33333
0.35000
0.36667
0.38333
0.40000
0.41667
0.43333
0.45000
0.46667
0.48333
0.50000
0.51667
0.53333
0.55000
0.56667
0.58333
0.60000
0.61667
0.63333
0.65000
0.66667
0.68333
0.70000
0.71667
0.73333
0.75000
0.76667
0.78333
0.80000
0.81667
0.83333
0.85000
0.86667
0.88333
0.90000
0.91667
0.93333
0.95000
0.96667
0.98333
0.00000
0.00000
0.00000
0.00000
0.00000
0.00000
0.00000
0.00000
0.00000
0.00000
0.00000
0.00000
0.00000
0.00000
0.00000
0.00000
0.00000
0.00000
0.00000
0.00000
0.00000
0.00000
0.00000
0.00000
0.00000
0.00000
0.00000
0.00000
0.00000
0.00000
0.00000
0.00000
0.00000
0.00000
0.00000
0.00000
0.00000
0.00000
0.00000
0.00000
0.00000
0.00000
0.00000
0.00000
0.00000
0.00000
0.00000
0.00000
0.00000
0.00000
0.00000
0.00000
0.00000
0.00000
0.00000
0.00000
0.00000
0.00000
0.00000
